 -1.032278989441693E-003
 -2.947719302028418E-003
 -5.529223475605249E-003
 -8.237917907536030E-003
 -1.040008384734392E-002
 -1.151963882148266E-002
 -1.126492116600275E-002
 -9.573563002049923E-003
 -6.932886783033609E-003
 -4.074902739375830E-003
 -1.771414070390165E-003
 -6.553403218276799E-004
 -9.269767906516790E-004
 -2.461337717249990E-003
 -4.811118356883526E-003
 -7.431839127093554E-003
 -9.669806808233261E-003
 -1.101805921643972E-002
 -1.113778632134199E-002
 -9.971613995730877E-003
 -7.842522114515305E-003
 -5.379596725106239E-003
 -3.252300666645169E-003
 -2.068969421088696E-003
 -2.078934805467725E-003
 -3.011897206306458E-003
 -4.726069513708353E-003
 -6.841493770480156E-003
 -8.984874002635479E-003
 -1.050396636128426E-002
 -1.095739193260670E-002
 -1.014011818915606E-002
 -8.077858947217464E-003
 -5.316630471497774E-003
 -2.560117049142718E-003
 -4.718913696706295E-004
  4.742432211060077E-004
  1.614109787624329E-004
 -1.177097321487963E-003
 -3.129194490611553E-003
 -5.196552257984877E-003
 -6.867265794426203E-003
 -7.679107598960400E-003
 -7.379883900284767E-003
 -5.984765011817217E-003
 -3.804625011980534E-003
 -1.387976692058146E-003
  5.831023445352912E-004
  1.696786028333008E-003
  1.730444841086864E-003
  7.530158036388457E-004
 -9.053733665496111E-004
 -2.910534851253033E-003
 -4.788451362401247E-003
 -6.012714467942715E-003
 -6.246639881283045E-003
 -5.330730229616165E-003
 -3.341470146551728E-003
 -8.887900039553642E-004
  1.530665438622236E-003
  3.272127592936158E-003
  3.944560419768095E-003
  3.557483898475766E-003
  2.320284955203533E-003
  5.648488295264542E-004
 -1.232319977134466E-003
 -2.687714528292418E-003
 -3.404856659471989E-003
 -3.155295038595796E-003
 -1.958144363015890E-003
 -8.701051410753280E-005
  1.979576190933585E-003
  3.680107882246375E-003
  4.669494461268187E-003
  4.734727088361979E-003
  3.935175016522408E-003
  2.473077271133661E-003
  7.831737748347223E-004
 -7.798891747370362E-004
 -1.740707200951874E-003
 -1.817255862988532E-003
 -8.550114580430090E-004
  1.038310118019581E-003
  3.284214995801449E-003
  5.428025964647532E-003
  6.920837331563234E-003
  7.469129282981157E-003
  7.093971129506826E-003
  5.934293381869793E-003
  4.377359524369240E-003
  2.683674450963736E-003
  1.326322788372636E-003
  6.220681243576109E-004
  7.906954851932824E-004
  1.839527860283852E-003
  3.586854087188840E-003
  5.510640330612659E-003
  7.009832188487053E-003
  7.736611645668745E-003
  7.614653091877699E-003
  6.714795716106892E-003
  5.198133178055286E-003
  3.434219397604465E-003
  1.743898028507829E-003
  5.755348829552531E-004
  2.255708095617592E-004
  9.021760779432952E-004
  2.413280773907900E-003
  4.351499024778605E-003
  6.253805477172136E-003
  7.579625118523836E-003
  8.027109317481518E-003
  7.576085161417723E-003
  6.429252680391073E-003
  4.734687507152557E-003
  2.927159657701850E-003
  1.289377920329571E-003
  1.996924402192235E-004
 -5.493286153068766E-005
  6.451471708714962E-004
  2.139586023986340E-003
  3.714585443958640E-003
  5.014068912714720E-003
  5.734269972890615E-003
  5.634039640426636E-003
  4.683985374867916E-003
  3.057572292163968E-003
  1.025817473419011E-003
 -1.000899239443243E-003
 -2.566991606727242E-003
 -3.292458131909370E-003
 -2.955838805064559E-003
 -1.717759878374636E-003
  1.586073776707053E-004
  2.044727792963386E-003
  3.345638280734420E-003
  3.741434309631586E-003
  3.168284893035889E-003
  1.698351232334971E-003
 -3.399989800527692E-004
 -2.757487585768104E-003
 -4.974669776856899E-003
 -6.756282877177000E-003
 -7.649961393326521E-003
 -7.423812989145517E-003
 -5.944182164967060E-003
 -3.740368876606226E-003
 -1.524123479612172E-003
  1.078995410352945E-005
  5.449976306408644E-004
  5.302485533320578E-006
 -1.451364834792912E-003
 -3.495397046208382E-003
 -5.664852447807789E-003
 -7.387812249362469E-003
 -8.159080520272255E-003
 -7.654252927750349E-003
 -6.011152639985085E-003
 -3.501811763271689E-003
 -9.161696070805192E-004
  1.011037966236472E-003
  1.897438894957304E-003
  1.682624919340014E-003
  4.591761389747262E-004
 -1.492674928158522E-003
 -3.880507312715054E-003
 -6.216347217559814E-003
 -7.946061901748180E-003
 -8.545703254640102E-003
 -7.676868699491024E-003
 -5.585480015724897E-003
 -2.762985182926059E-003
 -6.247928104130551E-005
  1.923878910019994E-003
  2.674736315384507E-003
  2.102655125781894E-003
  3.861046861857176E-004
 -2.053185133263469E-003
 -4.626093432307243E-003
 -6.672963965684175E-003
 -7.574404124170542E-003
 -7.027717307209969E-003
 -5.069800186902285E-003
 -2.264667535200715E-003
  6.227306439541280E-004
  2.744449302554131E-003
  3.690010635182261E-003
  3.388969693332911E-003
  1.954707782715559E-003
 -3.786042798310518E-004
 -3.290585707873106E-003
 -6.182574667036533E-003
 -8.536037057638168E-003
 -9.391218423843384E-003
 -8.544132113456726E-003
 -6.049929186701775E-003
 -2.627030014991760E-003
  6.803387077525258E-004
  3.075466724112630E-003
  4.056372679769993E-003
  3.425658214837313E-003
  1.381432986818254E-003
 -1.528766239061952E-003
 -4.573736339807510E-003
 -6.949287839233875E-003
 -7.939636707305908E-003
 -7.154830731451511E-003
 -4.595709498971701E-003
 -1.082175411283970E-003
  2.436101669445634E-003
  4.988950677216053E-003
  6.183649413287640E-003
  5.912649910897017E-003
  4.399303812533617E-003
  1.729145413264632E-003
 -1.473075593821704E-003
 -4.465656355023384E-003
 -6.607648916542530E-003
 -7.147083990275860E-003
 -5.736673716455698E-003
 -2.580056432634592E-003
  1.319063827395439E-003
  4.820402245968580E-003
  7.111310958862305E-003
  7.587025873363018E-003
  6.225606892257929E-003
  3.382445545867085E-003
 -2.644136839080602E-004
 -3.786038374528289E-003
 -6.295173428952694E-003
 -7.100845221430063E-003
 -5.777578800916672E-003
 -2.735939575359225E-003
  1.242254395037889E-003
  4.956675693392754E-003
  7.451684679836035E-003
  8.352045901119709E-003
  7.653185166418552E-003
  5.593309178948402E-003
  2.535306615754962E-003
 -1.028517959639430E-003
 -4.420673940330744E-003
 -6.570356432348490E-003
 -6.812669336795807E-003
 -4.925362765789032E-003
 -1.187253976240754E-003
  2.919108141213655E-003
  6.441124714910984E-003
  8.292680606245995E-003
  8.111707866191864E-003
  5.987461656332016E-003
  2.483700634911656E-003
 -1.596461865119636E-003
 -5.295473150908947E-003
 -7.684577722102404E-003
 -8.123042061924934E-003
 -6.341509986668825E-003
 -2.801130060106516E-003
  1.346917473711073E-003
  4.893635399639606E-003
  6.927136331796646E-003
  7.195386104285717E-003
  5.715485662221909E-003
  2.893688390031457E-003
 -9.110883111134171E-004
 -4.800135735422373E-003
 -8.006862364709377E-003
 -9.642004035413265E-003
 -9.181249886751175E-003
 -6.553984712809324E-003
 -2.498769899830222E-003
  1.772274728864431E-003
  5.071897059679031E-003
  6.375700235366821E-003
  5.526524037122726E-003
  2.742997137829661E-003
 -1.300650998018682E-003
 -5.566501989960670E-003
 -9.147150442004204E-003
 -1.112867798656225E-002
 -1.096413470804691E-002
 -8.623444475233555E-003
 -4.752744454890490E-003
 -5.680292379111052E-004
  2.714200178161263E-003
  4.294844344258308E-003
  4.024378955364227E-003
  2.049915492534637E-003
 -1.319117494858801E-003
 -4.926183726638556E-003
 -8.349045179784298E-003
 -1.071695238351822E-002
 -1.137308590114117E-002
 -9.852222166955471E-003
 -6.274114362895489E-003
 -1.620139810256660E-003
  2.837174339219928E-003
  5.864954553544521E-003
  6.876476574689150E-003
  5.751893855631351E-003
  2.929897280409932E-003
 -9.000467834994197E-004
 -4.680828191339970E-003
 -7.582514081150293E-003
 -8.799289353191853E-003
 -7.928930222988129E-003
 -5.081027280539274E-003
 -9.930703090503812E-004
  3.068258287385106E-003
  6.075921934098005E-003
  7.383718155324459E-003
  6.876494735479355E-003
  4.842417780309916E-003
  1.589221879839897E-003
 -2.063635503873229E-003
 -5.379748996347189E-003
 -7.501144427806139E-003
 -7.793664000928402E-003
 -5.974060855805874E-003
 -2.428387058898807E-003
  1.847901032306254E-003
  5.749297793954611E-003
  7.976128719747066E-003
  8.186624385416508E-003
  6.492929067462683E-003
  3.416909137740731E-003
 -2.453674387652427E-004
 -3.696714993566275E-003
 -6.036412902176380E-003
 -6.671905517578125E-003
 -5.313722416758537E-003
 -2.266997005790472E-003
  1.733679207973182E-003
  5.516805220395327E-003
  8.045905269682407E-003
  8.845224976539612E-003
  7.904166355729103E-003
  5.240602418780327E-003
  1.536965020932257E-003
 -2.213520230725408E-003
 -5.342037416994572E-003
 -7.051404565572739E-003
 -6.930785719305277E-003
 -4.945685621351004E-003
 -1.532875583507121E-003
  2.171204425394535E-003
  5.112022627145052E-003
  6.412497721612453E-003
  5.846071988344193E-003
  3.627971978858113E-003
  3.353464417159557E-004
 -3.247278975322843E-003
 -6.497421301901340E-003
 -8.730147965252399E-003
 -9.471110068261623E-003
 -8.627062663435936E-003
 -6.446509622037411E-003
 -3.767379792407155E-003
 -1.497567747719586E-003
 -3.541718760970980E-004
 -7.155626080930233E-004
 -1.739420928061008E-003
 -3.509907983243465E-003
 -5.877208430320024E-003
 -8.145986124873161E-003
 -9.767774492502213E-003
 -1.019129622727633E-002
 -9.083679877221584E-003
 -6.512972991913557E-003
 -2.970401197671890E-003
  5.481390981003642E-004
  3.218200290575624E-003
  4.448533058166504E-003
  4.177450202405453E-003
  2.646585693582892E-003
  3.585441445466131E-004
 -2.045548520982265E-003
 -3.996690735220909E-003
 -4.981755744665861E-003
 -4.658368416130543E-003
 -2.970876637846231E-003
 -2.514413208700716E-004
  2.836497733369470E-003
  5.500236060470343E-003
  7.179667241871357E-003
  7.254773750901222E-003
  5.920013878494501E-003
  3.766653593629599E-003
  1.222890103235841E-003
 -1.106904586777091E-003
 -2.742737066000700E-003
 -3.249002154916525E-003
 -2.463594311848283E-003
 -4.796792927663773E-004
  2.117959549650550E-003
  4.528972785919905E-003
  6.208988837897778E-003
  6.711904890835285E-003
  6.011564750224352E-003
  4.375834017992020E-003
  2.184258773922920E-003
 -4.785074997926131E-005
 -1.829342101700604E-003
 -2.818095264956355E-003
 -2.738884883001447E-003
 -1.607781159691513E-003
  3.134186263196170E-004
  2.463208977133036E-003
  4.242555703967810E-003
  5.096320528537035E-003
  4.869665019214153E-003
  3.706530900672078E-003
  1.923483097925782E-003
 -1.124847040046006E-004
 -1.916469773277640E-003
 -3.160981927067041E-003
 -3.473409218713641E-003
 -2.789310645312071E-003
 -1.219560508616269E-003
  8.129465859383345E-004
  2.681148238480091E-003
  3.937280736863613E-003
  4.284994676709175E-003
  3.697268664836884E-003
  2.381152939051390E-003
  6.413699011318386E-004
 -1.166432281024754E-003
 -2.690800931304693E-003
 -3.629207611083984E-003
 -3.756880993023515E-003
 -3.052198793739080E-003
 -1.713867182843387E-003
 -1.114115730160847E-004
  1.270892564207315E-003
  2.056742319837213E-003
  2.058677608147264E-003
  1.310392864979804E-003
 -5.613255780190229E-007
 -1.593031222000718E-003
 -3.149227704852819E-003
 -4.285346250981092E-003
 -4.725865088403225E-003
 -4.384849686175585E-003
 -3.338309470564127E-003
 -1.874578301794827E-003
 -4.115096235182136E-004
  6.240966031327844E-004
  9.355954825878143E-004
  4.623035201802850E-004
 -6.488144863396883E-004
 -2.261204412207007E-003
 -4.011917859315872E-003
 -5.662225652486086E-003
 -6.867105606943369E-003
 -7.421506103128195E-003
 -7.201564498245716E-003
 -6.332807708531618E-003
 -4.932087380439043E-003
 -3.456613747403026E-003
 -2.369767054915428E-003
 -1.914109801873565E-003
 -2.212574472650886E-003
 -3.127426840364933E-003
 -4.440466407686472E-003
 -5.848782602697611E-003
 -6.979335099458694E-003
 -7.516182027757168E-003
 -7.285825442522764E-003
 -6.240901071578264E-003
 -4.692527465522289E-003
 -3.006363054737449E-003
 -1.597358845174313E-003
 -8.415890042670071E-004
 -8.517472888343036E-004
 -1.556755159981549E-003
 -2.885277383029461E-003
 -4.477684386074543E-003
 -6.039074156433344E-003
 -7.275565527379513E-003
 -7.822111248970032E-003
 -7.536708377301693E-003
 -6.349016446620226E-003
 -4.598211031407118E-003
 -2.774122869595885E-003
 -1.341225695796311E-003
 -5.858340300619602E-004
 -6.974554853513837E-004
 -1.597469905391335E-003
 -3.041006624698639E-003
 -4.678051918745041E-003
 -6.075012963265181E-003
 -6.812142673879862E-003
 -6.696129217743874E-003
 -5.618975497782230E-003
 -3.823215141892433E-003
 -1.859384821727872E-003
 -1.908582489704713E-004
  7.691039936617017E-004
  8.554623345844448E-004
  1.067661796696484E-004
 -1.288669998757541E-003
 -3.102269954979420E-003
 -4.952862393110991E-003
 -6.363481748849154E-003
 -6.980161182582378E-003
 -6.715560331940651E-003
 -5.581901408731937E-003
 -3.818443743512034E-003
 -1.950856298208237E-003
 -5.579924327321351E-004
 -4.783968324773014E-005
 -5.938956746831536E-004
 -2.082491992041469E-003
 -4.207474645227194E-003
 -6.483209319412708E-003
 -8.429096080362797E-003
 -9.550442919135094E-003
 -9.577231481671333E-003
 -8.511631749570370E-003
 -6.719880271703005E-003
 -4.780042450875044E-003
 -3.334845881909132E-003
 -2.710440894588828E-003
 -3.106924705207348E-003
 -4.363107029348612E-003
 -6.361794192343950E-003
 -8.784747682511806E-003
 -1.112440507858992E-002
 -1.283981185406446E-002
 -1.316503342241049E-002
 -1.216457039117813E-002
 -1.009610109031200E-002
 -7.371201645582914E-003
 -4.762763157486916E-003
 -2.832864876836538E-003
 -2.051696414127946E-003
 -2.516926731914282E-003
 -4.026353824883699E-003
 -6.196449510753155E-003
 -8.436777628958225E-003
 -1.015034411102533E-002
 -1.079516019672155E-002
 -1.010746043175459E-002
 -8.221005089581013E-003
 -5.625250283628702E-003
 -3.037174465134740E-003
 -1.130553428083658E-003
 -2.343251253478229E-004
 -4.528798745013773E-004
 -1.740344916470349E-003
 -3.821646794676781E-003
 -6.258573848754168E-003
 -8.486486971378326E-003
 -9.833584539592266E-003
 -9.826514869928360E-003
 -8.329802192747593E-003
 -5.562154110521078E-003
 -2.297327853739262E-003
  5.365703837014735E-004
  2.400530967861414E-003
  2.842980204150081E-003
  1.842384459450841E-003
 -2.594222605694085E-004
 -2.885619178414345E-003
 -5.333526991307735E-003
 -6.879504304379225E-003
 -7.034599781036377E-003
 -5.612546112388372E-003
 -2.885671332478523E-003
  2.921814448200166E-004
  3.151495475322008E-003
  4.971254616975784E-003
  5.474058911204338E-003
  4.687467589974403E-003
  2.741351258009672E-003
  1.262362784473225E-004
 -2.588630653917789E-003
 -4.835640080273151E-003
 -5.887632258236408E-003
 -5.285112187266350E-003
 -3.121091751381755E-003
  1.142480250564404E-004
  3.461814718320966E-003
  5.943618249148130E-003
  6.971965543925762E-003
  6.331997457891703E-003
  4.237479995936155E-003
  1.222962280735373E-003
 -1.964520663022995E-003
 -4.534631036221981E-003
 -5.792045965790749E-003
 -5.348137114197016E-003
 -3.265546169131994E-003
 -8.138488192344084E-005
  3.149876836687326E-003
  5.612441338598728E-003
  6.692363414913416E-003
  6.229226011782885E-003
  4.426480270922184E-003
  1.563112717121840E-003
 -1.664697541855276E-003
 -4.620627965778112E-003
 -6.516885943710804E-003
 -6.784769706428051E-003
 -5.237717647105455E-003
 -2.079618629068136E-003
  1.626156736165285E-003
  4.839611705392599E-003
  6.752062123268843E-003
  6.855415645986795E-003
  5.238185636699200E-003
  2.274892292916775E-003
 -1.236754120327532E-003
 -4.437898285686970E-003
 -6.570159923285246E-003
 -7.027114741504192E-003
 -5.612844135612249E-003
 -2.635107142850757E-003
  9.915230330079794E-004
  4.248915705829859E-003
  6.237436551600695E-003
  6.543551571667194E-003
  5.249291658401489E-003
  2.599828876554966E-003
 -7.913981680758297E-004
 -4.204857628792524E-003
 -6.833471357822418E-003
 -7.992412894964218E-003
 -7.270206697285175E-003
 -4.674120806157589E-003
 -9.290230227634311E-004
  2.969244960695505E-003
  5.782283842563629E-003
  6.904427427798510E-003
  6.053190678358078E-003
  3.549990011379123E-003
  3.423987072892487E-005
 -3.562898840755224E-003
 -6.438017357140779E-003
 -7.857438176870346E-003
 -7.394261192530394E-003
 -5.098746623843908E-003
 -1.545702223666012E-003
  2.211201470345259E-003
  5.015084054321051E-003
  6.234472617506981E-003
  5.728307645767927E-003
  3.597548697143793E-003
  3.382945433259010E-004
 -3.174913581460714E-003
 -6.302767433226109E-003
 -8.225368335843086E-003
 -8.430998772382736E-003
 -6.648218259215355E-003
 -3.332538763061166E-003
  7.142476388253272E-004
  4.300097469240427E-003
  6.414411589503288E-003
  6.606209091842175E-003
  4.935855045914650E-003
  1.930668833665550E-003
 -1.659401576034725E-003
 -4.995657596737146E-003
 -7.255018223077059E-003
 -7.867380045354366E-003
 -6.590167991816998E-003
 -3.710876218974590E-003
 -4.890960553893819E-005
  3.403920913115144E-003
  5.647882819175720E-003
  6.232974585145712E-003
  5.145684815943241E-003
  2.668571658432484E-003
 -6.436235853470862E-004
 -4.028610419481993E-003
 -6.714464165270329E-003
 -7.965386845171452E-003
 -7.403006777167320E-003
 -5.035948939621449E-003
 -1.455256948247552E-003
  2.249576151371002E-003
  5.059336312115192E-003
  6.227897945791483E-003
  5.522229708731174E-003
  3.243540646508336E-003
  1.612943015061319E-005
 -3.424908965826035E-003
 -6.250826641917229E-003
 -7.821710780262947E-003
 -7.717476226389408E-003
 -5.850256420671940E-003
 -2.764146076515317E-003
  6.327501032501459E-004
  3.352930769324303E-003
  4.636264871805906E-003
  4.294201731681824E-003
