 -4.063760570716113E-004
 -2.596581471152604E-004
 -1.068990532075986E-004
  4.004915172117762E-005
  1.567617000546306E-004
  2.274636353831738E-004
  2.143401652574539E-004
  9.779894025996327E-005
 -1.136866776505485E-004
 -3.170197305735201E-004
 -4.568631993606687E-004
 -5.096043460071087E-004
 -4.736083501484245E-004
 -3.849816566798836E-004
 -2.820985391736031E-004
 -1.801514445105568E-004
 -1.016763053485192E-004
 -6.286675488809124E-005
 -9.042444435181096E-005
 -1.951915910467505E-004
 -3.613258595578372E-004
 -5.415924242697656E-004
 -6.807936006225646E-004
 -7.344901096075773E-004
 -7.067046826705337E-004
 -6.027926574461162E-004
 -4.719953285530210E-004
 -3.299214586149901E-004
 -1.850484986789525E-004
 -6.353685603244230E-005
  5.064874130766839E-006
 -1.226602034876123E-005
 -1.332194951828569E-004
 -3.374168882146478E-004
 -5.174842663109303E-004
 -6.535564316436648E-004
 -7.068891427479684E-004
 -6.836692336946726E-004
 -6.123347557149827E-004
 -5.186403868719935E-004
 -4.211885971017182E-004
 -3.365681332070380E-004
 -2.890664909500629E-004
 -3.025452024303377E-004
 -3.902734897565097E-004
 -5.377220804803073E-004
 -7.027131505310535E-004
 -8.248434169217944E-004
 -8.804198587313294E-004
 -8.521224372088909E-004
 -7.655730005353689E-004
 -6.459327414631844E-004
 -5.063477437943220E-004
 -3.638880152720958E-004
 -2.474980137776583E-004
 -1.860618940554559E-004
 -2.125545870512724E-004
 -3.417885745875537E-004
 -5.295396549627185E-004
 -7.110027363523841E-004
 -8.363805245608091E-004
 -8.804006502032280E-004
 -8.497894741594791E-004
 -7.677586982026696E-004
 -6.511216051876545E-004
 -5.252214032225311E-004
 -4.111017915420234E-004
 -3.261875826865435E-004
 -3.052750253118575E-004
 -3.594375739339739E-004
 -4.777104477398098E-004
 -6.200132775120437E-004
 -7.317974814213812E-004
 -7.642701384611428E-004
 -7.266362663358450E-004
 -6.258047651499510E-004
 -4.817365552298725E-004
 -3.227033885195851E-004
 -1.637364475755021E-004
 -4.069417263963260E-005
  1.172021075035445E-005
 -3.851225847029127E-005
 -1.725713809719309E-004
 -3.668897552415729E-004
 -5.430973833426833E-004
 -6.493214168585837E-004
 -6.648502894677222E-004
 -5.988121847622097E-004
 -4.747518687509000E-004
 -3.210991271771491E-004
 -1.559383235871792E-004
 -1.508045806986047E-005
  7.781536260154098E-005
  9.662854427006096E-005
  3.076197026530281E-005
 -9.914090333040804E-005
 -2.484323340468109E-004
 -3.679117944557220E-004
 -4.112228925805539E-004
 -3.747896989807487E-004
 -2.743556688074023E-004
 -1.285713951801881E-004
  2.326483081560582E-005
  1.652804639888927E-004
  2.573389792814851E-004
  2.658049343153834E-004
  1.726054615573958E-004
 -1.105931278289063E-005
 -2.267994423164055E-004
 -4.167676961515099E-004
 -5.217953003011644E-004
 -5.202073953114450E-004
 -4.286208713892847E-004
 -2.724653459154069E-004
 -8.696728036738932E-005
  1.036681787809357E-004
  2.608543436508626E-004
  3.577368916012347E-004
  3.633328306023031E-004
  2.712214482016861E-004
  1.030146086122841E-004
 -9.894034155877307E-005
 -2.530638012103736E-004
 -3.197142214048654E-004
 -2.864716807380319E-004
 -1.702020526863635E-004
 -6.455761649704073E-006
  1.743006869219244E-004
  3.330236941110343E-004
  4.340762970969081E-004
  4.421601188369095E-004
  3.378115361556411E-004
  1.376877771690488E-004
 -1.011886852211319E-004
 -3.035931149497628E-004
 -4.127734864596277E-004
 -3.960945177823305E-004
 -2.705191145651042E-004
 -7.422412454616278E-005
  1.678595581324771E-004
  3.963712370023131E-004
  5.979280103929341E-004
  7.249561604112387E-004
  7.486728718504310E-004
  6.527633522637188E-004
  4.619683895725757E-004
  2.272402634844184E-004
  3.171007847413421E-005
 -5.713711288990453E-005
 -2.319564191566315E-005
  1.161265317932703E-004
  3.131648700218648E-004
  5.194806726649404E-004
  6.951563409529626E-004
  7.936974288895726E-004
  7.804473862051964E-004
  6.353500066325068E-004
  3.796448290813714E-004
  7.599607488373294E-005
 -1.815946307033300E-004
 -3.066958743147552E-004
 -2.808446588460356E-004
 -1.240671699633822E-004
  1.137332801590674E-004
  3.813452785834670E-004
  6.325621507130563E-004
  8.344034431502223E-004
  9.442702867090702E-004
  9.336904622614384E-004
  7.474035373888910E-004
  4.514783795457333E-004
  1.226421445608139E-004
 -1.317988935625181E-004
 -2.569815842434764E-004
 -2.280833577970043E-004
 -8.943262946559116E-005
  1.053039450198412E-004
  2.992230874951929E-004
  4.500552604440600E-004
  5.215856363065541E-004
  4.767375648953021E-004
  2.972257789224386E-004
 -1.012496340990765E-006
 -3.449938085395843E-004
 -6.367583409883082E-004
 -7.903446676209569E-004
 -7.889909320510924E-004
 -6.585398805327713E-004
 -4.560321394819766E-004
 -2.304049849044532E-004
 -4.031565913464874E-005
  1.094841572921723E-004
  1.832240959629416E-004
  2.125729515682906E-004
  1.050054925144650E-004
 -1.554811606183648E-004
 -4.577093932311982E-004
 -6.710902671329677E-004
 -7.435102597810328E-004
 -6.654349854215980E-004
 -4.731342778541148E-004
 -2.330724528292194E-004
 -5.454283382277936E-006
  1.754404074745253E-004
  2.688051026780158E-004
  2.419794618617743E-004
  6.676449265796691E-005
 -2.357039629714563E-004
 -5.768320406787097E-004
 -8.365552639588714E-004
 -9.201258653774858E-004
 -8.225416531786323E-004
 -5.902944831177592E-004
 -3.017715644091368E-004
 -1.405137300025672E-005
  2.512530772946775E-004
  4.434635629877448E-004
  5.531326169148088E-004
  5.280377226881683E-004
  3.399287234060466E-004
  8.833790161588695E-006
 -3.332346677780151E-004
 -5.499476683326066E-004
 -5.862831021659076E-004
 -4.509698483161628E-004
 -2.175058471038938E-004
  3.716312130563892E-005
  2.528998011257499E-004
  4.012766003143042E-004
  4.479404015000910E-004
  3.640797513071448E-004
  1.302974851569161E-004
 -2.255793951917440E-004
 -5.734218866564333E-004
 -7.987456046976149E-004
 -8.193217217922211E-004
 -6.571784615516663E-004
 -3.890635562129319E-004
 -9.640445932745934E-005
  1.878135662991554E-004
  4.116950440220535E-004
  5.638950387947261E-004
  6.182673387229443E-004
  5.360488430596888E-004
  2.971846261061728E-004
 -6.019504144205712E-005
 -4.093088791705668E-004
 -5.962409195490181E-004
 -5.727319512516260E-004
 -3.905823105014861E-004
 -1.395673607476056E-004
  1.088909266400151E-004
  3.079196612816304E-004
  4.282506997697055E-004
  4.516066983342171E-004
  3.458559513092041E-004
  9.631139982957393E-005
 -2.577496634330601E-004
 -5.766379181295633E-004
 -7.491838186979294E-004
 -7.184705464169383E-004
 -5.268663517199457E-004
 -2.428062143735588E-004
  4.546000855043530E-005
  3.062234609387815E-004
  5.156393744982779E-004
  6.665602559223771E-004
  7.230032351799309E-004
  6.307248258963227E-004
  3.637654008343816E-004
 -1.600330506335013E-006
 -3.139263717457652E-004
 -4.542082024272531E-004
 -3.922175965271890E-004
 -1.910835708258674E-004
  5.878238880541176E-005
  2.938653051387519E-004
  4.742460441775620E-004
  5.846800049766898E-004
  5.983664304949343E-004
  4.819004388991743E-004
  2.210790989920497E-004
 -1.238071272382513E-004
 -4.170900501776487E-004
 -5.474921199493110E-004
 -4.817383305635303E-004
 -2.751874271780252E-004
 -1.752210664562881E-006
  2.610438677947968E-004
  4.854603321291506E-004
  6.683077081106603E-004
  7.743451278656721E-004
  7.826458313502371E-004
  6.383317522704601E-004
  3.183719527442008E-004
 -5.423885158961639E-005
 -3.558330063242465E-004
 -4.561820242088288E-004
 -3.874353133141994E-004
 -2.079186233459041E-004
 -7.035820090095513E-006
  1.796758442651480E-004
  3.149644762743264E-004
  3.923849435523152E-004
  3.798028337769210E-004
  2.494503278285265E-004
 -7.280056706804316E-006
 -3.139128675684333E-004
 -5.616839043796062E-004
 -6.551929982379079E-004
 -5.852069589309394E-004
 -4.085726686753333E-004
 -1.966782583622262E-004
  1.801734288164880E-005
  2.250598772661760E-004
  3.924233024008572E-004
  5.073827924206853E-004
  5.160263390280306E-004
  3.670683654490858E-004
  8.583878661738709E-005
 -2.396856143604964E-004
 -4.686861066147685E-004
 -5.168748321011662E-004
 -4.220804839860648E-004
 -2.439407107885927E-004
 -5.253430572338402E-005
  1.107195275835693E-004
  2.347033587284386E-004
  2.995700051542372E-004
  2.822002570610493E-004
  1.506133849034086E-004
 -8.041723049245775E-005
 -3.401350986678153E-004
 -5.198164144530892E-004
 -5.511629860848188E-004
 -4.427940584719181E-004
 -2.469099417794496E-004
 -6.067469803383574E-005
  1.167397713288665E-004
  2.791723818518221E-004
  4.098146455362439E-004
  4.878764157183468E-004
  4.632596392184496E-004
  3.092653932981193E-004
  4.637576421373524E-005
 -2.172845124732703E-004
 -3.840993449557573E-004
 -4.118771466892213E-004
 -3.274750779382885E-004
 -1.882790820673108E-004
 -4.494134191190824E-005
  8.117509423755109E-005
  1.834866416174918E-004
  2.442358527332544E-004
  2.384646504651755E-004
  1.390732068102807E-004
 -5.271011832519434E-005
 -2.769119746517390E-004
 -4.563506809063256E-004
 -5.456783692352474E-004
 -5.393195897340775E-004
 -4.005407681688666E-004
 -2.283356006955728E-004
 -4.794405685970560E-005
  1.234444789588451E-004
  2.780132635962218E-004
  3.747336741071194E-004
  3.681540838442743E-004
  2.268367679789662E-004
 -1.050675655278610E-005
 -2.367061533732340E-004
 -3.864253812935203E-004
 -4.403334751259536E-004
 -3.954989078920335E-004
 -2.964550803881139E-004
 -1.769837399479002E-004
 -6.059004226699471E-005
  4.207283200230449E-005
  1.064600219251588E-004
  1.038384943967685E-004
  1.556189999973867E-005
 -1.467064139433205E-004
 -3.336377267260104E-004
 -4.705667961388826E-004
 -5.266702501103282E-004
 -4.872680292464793E-004
 -3.727224830072373E-004
 -2.288524556206539E-004
 -7.423230272252113E-005
  7.382388139376417E-005
  1.931415754370391E-004
  2.487656602170318E-004
  2.110448695020750E-004
  7.494450983358547E-005
 -1.249417400686070E-004
 -3.021119046024978E-004
 -4.134488990530372E-004
 -4.277107655070722E-004
 -3.638339694589376E-004
 -2.519792178645730E-004
 -1.178428719867952E-004
  1.838374919316266E-005
  1.391904079355299E-004
  2.182301250286400E-004
  2.326246321899816E-004
  1.695370883680880E-004
  4.588150477502495E-005
 -1.000032207230106E-004
 -2.076457021757960E-004
 -2.557215048000216E-004
 -2.315977908438072E-004
 -1.510543079348281E-004
 -3.784666478168219E-005
  9.194950689561665E-005
  2.092879876727238E-004
  2.990283828694373E-004
  3.245346306357533E-004
  2.664641651790589E-004
  1.290882646571845E-004
 -4.812647966900840E-005
 -2.149770880350843E-004
 -3.228628775104880E-004
 -3.476517158560455E-004
 -2.999533317051828E-004
 -1.955204788828269E-004
 -6.073756594560109E-005
  7.976956112543121E-005
  2.158784191124141E-004
  3.065472410526127E-004
  3.375613305252045E-004
  2.918218960985541E-004
  1.814947900129482E-004
  4.053206794196740E-005
 -8.285597141366452E-005
 -1.505941472714767E-004
 -1.483492087572813E-004
 -8.372725278604776E-005
  2.385091102041770E-005
  1.530666340840980E-004
  2.791570732370019E-004
  3.697985666804016E-004
  3.976841981057078E-004
  3.476317215245217E-004
  2.191790117649361E-004
  4.914185774396174E-005
 -1.141750835813582E-004
 -2.249427343485877E-004
 -2.578615094535053E-004
 -2.113251830451190E-004
 -9.717445936985314E-005
  4.979271761840209E-005
  2.179631119361147E-004
  3.762452106457204E-004
  4.914632299914956E-004
  5.382575327530503E-004
  5.002526449970901E-004
  3.897709830198437E-004
  2.427978324703872E-004
  1.025278834276833E-004
  1.360922942694742E-005
 -2.686692596398643E-006
  5.793174568680115E-005
  1.696158869890496E-004
  3.055691777262837E-004
  4.345918714534491E-004
  5.206431960687041E-004
  5.373037420213223E-004
  4.659567493945360E-004
  3.192001895513386E-004
  1.265354949282482E-004
 -5.128462362335995E-005
 -1.730208605295047E-004
 -1.993891928577796E-004
 -1.342728937743232E-004
  4.276576419215417E-006
  1.826942898333073E-004
  3.822996513918042E-004
  5.468622548505664E-004
  6.613891455344856E-004
  6.974558345973492E-004
  6.409614579752088E-004
  4.924810491502285E-004
  2.989717177115381E-004
  1.249970810022205E-004
  1.966224590432830E-005
  3.289102551207179E-006
  7.127763819880784E-005
  1.931098813656718E-004
  3.311430045869201E-004
  4.499767383094877E-004
  5.138092092238367E-004
  4.981828969903290E-004
  3.935912100132555E-004
  2.140152500942349E-004
 -7.514082426496316E-006
 -2.036393125308678E-004
 -3.231283044442534E-004
 -3.365774464327842E-004
 -2.481229603290558E-004
 -8.372908632736653E-005
  1.168822200270370E-004
  3.146632516290992E-004
  4.763364850077778E-004
  5.738663603551686E-004
  5.854018963873386E-004
  4.998581134714186E-004
  3.353716747369617E-004
  1.354502019239590E-004
 -3.725340502569452E-005
 -1.269647764274850E-004
 -1.123106922022998E-004
 -1.231420174008235E-005
  1.349037775071338E-004
  2.841094392351806E-004
  3.926514182239771E-004
  4.369369416963309E-004
  3.924636694137007E-004
  2.534257655497640E-004
  3.726805880432948E-005
 -2.107754698954523E-004
 -4.190912004560232E-004
 -5.319352494552732E-004
 -5.239722668193281E-004
 -4.096332122571766E-004
 -2.249256795039400E-004
 -2.507374301785603E-005
  1.631441700737923E-004
  3.068589721806347E-004
  3.737070364877582E-004
  3.760982654057443E-004
  2.707693492993712E-004
  7.633091445313767E-005
 -1.514128816779703E-004
 -3.252615861129016E-004
 -4.028865077998489E-004
 -3.655617474578321E-004
 -2.466149744577706E-004
 -9.665280231274664E-005
  3.668128556455486E-005
  1.210550908581354E-004
  1.287210907321423E-004
  4.394448478706181E-005
 -1.425168447894976E-004
 -4.024416266474873E-004
 -6.779052782803774E-004
 -8.923260611481965E-004
 -9.865504689514637E-004
 -9.524812921881676E-004
 -8.160560391843319E-004
 -6.330708856694400E-004
 -4.479917697608471E-004
 -2.946753520518541E-004
 -1.822888734750450E-004
 -1.021843345370144E-004
 -1.116853381972760E-004
 -2.327015390619636E-004
 -4.487724218051881E-004
 -6.621413631364703E-004
 -7.887581596150994E-004
 -8.011940517462790E-004
 -6.949701346457005E-004
 -5.236483993940055E-004
 -3.420290886424482E-004
 -1.911624567583203E-004
 -9.992812556447461E-005
 -9.180842607747763E-005
 -1.806865329854190E-004
 -3.691339516080916E-004
 -6.150024710223079E-004
 -8.467679144814610E-004
 -9.751126635819674E-004
 -9.558833553455770E-004
 -8.055367507040501E-004
 -5.747278919443488E-004
 -3.259919176343828E-004
 -9.579833567840979E-005
  8.434260234935209E-005
  2.042618434643373E-004
  2.375838521402329E-004
  1.537078496767208E-004
 -3.973539787693880E-005
 -2.924799046013504E-004
 -4.930579452775419E-004
 -5.612897220999002E-004
 -4.945043474435806E-004
 -3.216149343643337E-004
 -1.125072303693742E-004
  7.427101809298620E-005
  2.051045448752120E-004
  2.594303223304451E-004
  2.154660905944183E-004
  6.234216562006623E-005
 -1.830144610721618E-004
 -4.529278958216310E-004
 -6.525072385556996E-004
 -7.039181655272841E-004
 -5.976220709271729E-004
 -3.828831831924617E-004
 -1.186406589113176E-004
  1.359260932076722E-004
  3.429244679864496E-004
  4.756403213832527E-004
  5.326901446096599E-004
  4.784291668329388E-004
  2.987258776556700E-004
  2.565943577792495E-005
 -2.499466063454747E-004
 -4.198660899419338E-004
 -4.240814887452871E-004
 -2.901245316024870E-004
 -8.322476787725464E-005
  1.302010205108672E-004
  2.959382836706936E-004
  3.915505076292902E-004
  3.995060687884688E-004
  3.006568585988134E-004
  8.814324246486649E-005
 -1.981340028578416E-004
 -4.650043556466699E-004
 -6.195188034325838E-004
 -5.996637628413737E-004
 -4.388713859952986E-004
 -1.894341985462233E-004
  6.932586984476075E-005
  2.997987903654575E-004
  4.750391235575080E-004
  5.804724642075598E-004
  5.943729775026441E-004
  4.840274632442743E-004
  2.468606980983168E-004
 -4.610547330230474E-005
 -3.007173072546721E-004
 -4.039584309794009E-004
 -3.389627963770181E-004
 -1.531293382868171E-004
  6.949624366825446E-005
  2.708045649342239E-004
  4.169108578935266E-004
  4.843666974920779E-004
  4.618682141881436E-004
  3.241295053157955E-004
  8.657220314489678E-005
 -2.054546930594370E-004
 -4.321483429521322E-004
 -5.129391211085021E-004
 -4.270873032510281E-004
 -2.243112976429984E-004
  2.504964504623786E-005
  2.727165701799095E-004
  4.565810377243906E-004
  5.802083178423345E-004
  6.334479548968375E-004
  5.838038050569594E-004
  4.047875991091132E-004
  1.233707298524678E-004
 -1.786196517059579E-004
 -3.879969590343535E-004
 -4.291707882657647E-004
 -3.222174418624490E-004
 -1.342619798379019E-004
  6.438855052692816E-005
  2.308501134393737E-004
  3.470016526989639E-004
  3.902004973497242E-004
  3.437951090745628E-004
  1.885207457235083E-004
 -5.550280184252188E-005
 -3.136439772788435E-004
 -4.923568922095001E-004
 -5.288234679028392E-004
 -4.274554084986448E-004
 -2.503819705452770E-004
 -4.162057666690089E-005
  1.493057206971571E-004
  3.122367779724300E-004
  4.225374141242355E-004
  4.691148642450571E-004
  4.002783389296383E-004
  1.977408828679472E-004
 -8.714697469258681E-005
 -3.449952346272767E-004
 -4.829413664992899E-004
 -4.771556123159826E-004
 -3.571666893549263E-004
 -1.906926627270877E-004
 -2.554629099904560E-005
  1.085002877516672E-004
  1.976555649889633E-004
  2.230308455182239E-004
  1.598416129127145E-004
 -3.729229320015293E-006
 -2.475037472322583E-004
 -4.744750040117651E-004
 -6.015451508574188E-004
 -5.978019325993955E-004
 -4.852773854508996E-004
